0 24
0 36
0 22
0 25
0 21
1 19
1 20
1 20
1 22
1 27
1 20
1 18
1 19
1 19
1 18
1 19
1 20
2 21
2 20
2 23
2 21
2 23
2 18
2 18
2 20
2 20
2 34
2 21
2 18
2 25
2 19
2 23
2 18
2 18
2 21
2 23
2 22
2 21
2 20
2 19
2 24
2 18
2 21
2 23
2 22
2 19
2 21
2 25
2 18
2 19
2 23
2 29
2 18
2 18
2 25
2 21
2 21
3 20
3 21
3 21
3 18
3 18
3 19
3 26
3 18
3 26
3 18
3 23
3 19
3 18
3 18
3 24
3 20
3 30
3 20
3 29
3 20
3 23
3 25
3 23
3 18
3 18
3 29
3 24
3 20
3 23
3 25
3 19
3 30
3 20
3 20
3 18
3 22
3 22
3 18
3 26
3 21
3 23
3 19
3 22
3 25
3 19
3 25
3 19
3 21
3 21
3 19
3 24
3 24
3 23
3 19
3 20
3 18
3 22
3 18
3 26
3 23
3 20
3 19
3 31
3 25
3 19
3 21
3 19
3 22
3 22
3 20
4 19
4 22
4 18
4 21
4 18
4 20
4 19
4 18
4 20
4 18
4 20
4 20
4 18
4 20
4 18
4 23
4 18
4 19
4 19
4 28
4 18
4 24
4 19
4 18
4 19
4 24
4 18
4 18
4 20
4 25
4 23
4 28
4 21
4 18
4 19
4 22
4 18
4 25
4 23
4 23
4 28
4 18
4 24
4 21
4 26
4 20
4 23
4 23
4 29
4 18
4 29
4 19
4 19
4 22
4 23
4 23
4 23
4 20
4 20
4 30
4 18
4 30
4 18
4 21
4 21
4 28
4 19
4 18
4 21
4 20
4 18
4 27
4 21
4 19
4 19
4 20
4 20
4 21
4 38
4 18
4 20
4 20
4 23
4 23
4 21
4 30
4 25
4 21
4 18
4 26
4 19
4 18
4 37
5 18
5 18
5 20
5 18
5 19
5 19
5 29
5 19
5 23
5 22
5 18
5 20
5 21
5 20
5 24
5 19
5 19
5 25
5 21
5 20
5 18
5 19
5 19
5 22
5 25
5 24
5 19
5 19
5 18
5 21
5 22
5 21
5 19
5 19
5 19
5 23
5 19
5 21
5 18
5 18
5 19
5 21
5 19
5 18
5 19
5 22
5 18
5 19
5 26
5 21
5 18
5 18
5 21
5 19
5 20
5 20
5 24
5 22
5 21
5 20
5 25
5 23
5 22
5 20
5 18
5 28
5 23
5 22
5 25
5 21
5 24
5 22
5 22
5 26
5 31
5 22
5 18
5 20
5 20
5 21
5 20
5 27
5 21
5 25
5 28
5 24
5 23
5 23
5 29
5 21
5 22
5 18
5 19
5 21
5 18
5 21
5 23
5 21
5 18
5 19
5 19
5 22
5 19
5 18
5 18
5 21
5 19
5 23
5 20
5 21
5 20
5 20
5 23
5 23
5 19
5 18
5 19
5 25
5 23
5 18
5 19
5 19
5 19
5 20
5 25
5 27
5 18
5 18
5 20
5 19
5 19
5 18
5 23
5 18
5 21
5 25
5 19
5 24
5 22
5 22
5 18
5 22
5 18
5 20
5 22
5 20
5 20
5 25
5 19
5 22
5 18
5 24
5 27
5 22
5 19
5 19
5 18
5 20
5 18
5 21
5 24
5 20
5 25
5 25
5 21
5 24
5 21
5 18
5 23
5 18
5 19
5 21
5 23
5 23
5 23
5 25
5 28
5 18
5 18
5 23
5 18
5 18
5 20
5 21
5 18
5 18
5 20
5 20
5 18
5 19
5 20
5 38
5 21
5 20
5 21
5 21
5 24
5 23
5 18
5 20
5 24
5 19
5 21
5 19
5 19
5 26
5 22
5 25
5 21
5 18
5 22
5 20
5 25
5 21
5 26
5 22
5 23
5 19
5 18
5 20
5 19
6 24
6 18
6 19
6 19
6 19
6 18
6 23
6 18
6 18
6 22
6 21
6 20
6 21
6 18
6 20
6 22
6 20
6 23
6 33
6 20
6 19
6 25
6 23
6 20
6 33
6 20
6 18
6 19
6 24
6 18
6 23
6 18
6 20
6 18
6 20
6 21
6 22
6 18
6 18
6 21
6 20
6 23
6 18
6 21
6 19
6 18
6 18
6 23
6 20
6 24
6 19
6 21
6 29
6 21
6 18
6 18
6 18
6 20
6 18
6 18
6 21
6 21
6 18
6 27
6 22
6 23
6 18
6 26
6 18
6 26
6 19
6 18
6 18
6 19
6 26
6 22
6 18
6 21
6 18
6 29
6 20
6 20
6 21
6 18
6 20
6 23
6 22
6 25
6 23
6 22
6 25
6 21
6 21
6 18
6 23
6 18
6 21
6 18
6 23
6 22
6 30
6 18
6 18
6 26
6 20
6 18
6 20
6 18
6 21
6 22
6 18
6 24
6 19
6 18
6 22
6 20
6 18
7 18
7 19
7 18
7 23
7 20
7 18
7 18
7 18
7 20
7 25
7 22
7 23
7 20
7 18
7 20
7 21
7 21
7 20
7 18
7 18
7 37
7 24
7 22
7 18
7 20
7 18
7 20
7 20
7 18
7 21
7 19
7 18
7 18
7 24
7 27
7 18
7 18
7 18
7 22
7 23
7 18
7 18
7 26
7 18
7 21
7 18
7 21
7 26
7 24
7 18
7 20
7 20
7 18
7 19
7 19
7 20
7 19
7 19
7 24
7 19
7 19
7 25
7 20
7 32
7 28
7 22
7 24
7 21
7 19
7 21
7 22
7 19
7 22
7 21
7 26
7 25
7 18
7 23
7 19
7 21
7 18
7 18
7 19
7 18
7 19
7 23
7 21
7 26
7 21
7 18
7 22
7 18
7 19
7 22
7 25
7 20
7 20
7 20
7 20
7 23
7 24
7 20
7 18
7 19
7 21
7 20
7 20
7 20
7 22
7 22
7 19
7 25
7 19
7 26
7 24
7 25
7 19
7 18
7 26
7 23
7 20
7 19
7 25
7 23
7 18
7 19
7 20
7 25
7 23
7 21
7 22
7 18
7 23
7 20
7 19
7 21
7 20
7 20
7 20
7 18
7 19
7 21
7 21
7 26
7 22
7 20
7 21
7 26
7 25
8 18
8 18
8 20
8 23
8 18
8 20
8 19
8 28
8 20
8 21
8 21
8 24
8 22
8 18
8 18
8 22
8 18
8 22
8 22
8 27
8 24
8 26
8 21
8 28
8 19
8 18
8 25
8 18
8 30
8 24
8 21
8 26
8 20
8 20
8 26
8 18
8 26
8 18
8 22
8 18
8 18
8 40
8 18
8 18
8 28
8 19
8 19
8 18
8 19
8 18
8 19
8 18
8 20
8 19
8 18
8 25
8 21
8 25
8 26
8 21
8 23
8 20
8 18
8 18
8 18
8 19
8 19
8 21
8 25
8 19
8 27
8 21
8 19
8 21
8 18
8 21
8 18
8 18
8 18
8 26
8 18
8 26
8 24
8 25
8 22
8 22
8 22
8 18
8 23
8 18
8 21
8 22
8 18
8 22
8 20
8 21
8 18
8 19
8 19
8 22
8 22
8 20
8 21
8 23
8 20
8 19
8 20
8 19
8 19
8 19
8 19
8 18
8 20
8 18
8 19
8 19
8 23
8 18
8 24
8 18
8 18
8 25
8 25
8 21
8 18
8 23
8 24
8 20
8 21
8 21
8 21
8 19
8 18
8 18
8 20
8 20
8 19
8 18
8 22
8 18
8 19
8 18
8 20
8 18
8 25
8 18
8 24
8 19
8 20
8 19
8 24
8 18
8 18
8 20
8 24
8 20
8 18
8 29
8 21
8 28
8 23
8 23
8 23
8 19
8 24
8 22
8 22
8 19
8 21
8 35
8 18
8 20
8 23
8 21
8 21
8 22
8 19
8 20
8 20
8 23
8 20
8 24
8 25
8 25
8 22
8 24
8 22
8 21
8 20
8 26
8 20
8 19
8 23
8 24
8 22
8 20
8 27
8 22
8 28
8 18
8 20
8 24
8 20
8 19
8 26
8 24
8 19
8 20
8 29
8 18
8 19
8 21
8 18
8 23
8 20
8 20
8 19
8 25
8 21
8 21
8 26
8 20
8 20
8 29
8 21
8 18
8 25
8 19
8 18
8 18
8 18
8 19
8 21
8 24
8 25
8 19
8 18
8 19
8 21
8 22
8 23
8 27
8 27
8 22
8 18
8 20
8 21
8 21
8 20
8 24
8 18
8 20
8 18
8 21
8 21
8 18
8 19
9 20
9 18
9 27
9 18
9 27
9 26
9 18
9 22
9 21
9 18
9 19
9 18
9 18
9 19
9 19
9 20
9 18
9 19
9 26
9 29
9 18
9 23
9 24
9 20
9 22
9 29
9 19
9 24
9 18
9 19
9 18
9 18
9 26
9 26
9 22
9 18
9 21
9 39
9 24
9 20
9 20
9 20
9 18
9 27
9 20
9 22
9 18
9 19
9 21
9 23
9 22
9 19
9 20
10 21
10 21
10 22
10 19
10 19
10 21
10 32
10 23
10 24
10 18
10 22
10 22
10 18
10 19
10 19
10 18
10 22
10 23
10 21
10 20
10 25
10 18
10 32
10 20
10 19
10 18
10 22
10 18
10 18
10 18
10 21
10 25
10 18
10 19
10 18
10 18
10 19
10 18
10 26
10 18
10 19
10 20
10 18
10 18
10 18
10 19
10 19
10 22
10 18
10 18
10 22
10 18
10 20
10 20
10 21
10 19
10 22
10 19
10 19
10 21
10 19
10 19
10 28
10 21
10 20
10 23
10 21
10 18
10 18
10 23
10 20
10 23
10 19
10 26
10 25
10 27
10 22
10 18
10 23
10 19
10 19
10 19
10 24
10 18
10 18
10 21
10 19
10 21
10 19
10 18
10 18
10 22
10 19
10 18
10 25
10 19
10 24
10 20
10 20
10 19
10 21
10 24
10 19
10 21
10 22
10 21
10 21
10 18
10 19
10 18
10 20
10 21
10 23
10 26
10 32
10 18
10 18
10 25
10 27
10 18
10 20
10 19
10 21
10 23
10 20
10 18
10 20
10 18
10 25
10 20
10 18
10 18
10 23
10 19
10 20
10 18
10 26
10 21
10 18
10 18
10 18
10 21
10 23
10 23
10 20
10 21
10 22
10 22
10 22
10 22
10 18
10 19
10 20
10 19
10 22
10 21
10 19
10 20
10 19
10 18
10 19
10 21
10 19
10 21
10 19
10 21
10 24
10 20
10 18
10 18
10 23
10 23
10 20
10 20
10 18
10 28
10 21
10 19
10 21
10 18
10 21
10 18
10 34
10 21
10 28
10 18
10 22
10 25
10 23
10 22
10 25
10 19
10 18
10 21
10 21
10 19
10 20
10 24
10 18
10 25
10 20
10 20
10 24
10 23
10 20
10 19
10 25
10 23
10 23
10 23
10 28
10 21
10 23
10 18
10 22
10 21
10 26
10 26
10 20
10 20
10 18
10 18
10 25
10 24
10 19
10 25
10 18
10 19
10 19
10 22
10 20
10 20
10 19
10 19
10 33
10 23
10 20
10 18
10 18
10 18
10 20
10 21
10 18
10 18
10 20
10 20
10 24
10 19
10 18
10 18
10 26
10 36
10 23
10 18
10 18
10 23
10 34
10 20
10 20
10 22
10 19
10 18
10 20
10 19
10 24
10 19
10 24
10 18
10 18
10 22
10 22
10 19
10 22
10 18
10 19
10 19
10 36
10 22
10 19
10 22
10 23
10 20
10 21
10 21
10 18
10 38
10 18
10 18
10 21
10 19
10 33
10 18
10 18
10 19
10 20
10 26
10 19
10 18
10 20
10 23
10 20
10 18
10 23
10 18
10 18
10 18
10 18
10 20
10 23
10 20
10 20
10 21
10 20
10 19
10 18
10 21
10 24
10 19
10 19
10 25
10 20
10 22
10 19
10 20
10 23
10 20
10 21
10 20
10 26
10 19
10 19
10 20
10 23
10 20
10 21
10 18
10 18
10 18
10 36
10 18
10 21
10 18
10 18
10 18
10 20
10 18
10 24
10 18
10 18
10 20
10 18
10 25
10 19
10 20
10 22
10 19
10 26
10 18
10 25
10 21
10 22
10 23
10 19
10 19
10 26
10 20
10 19
10 22
10 20
10 21
10 20
10 19
10 18
10 23
10 20
10 21
10 28
10 18
10 19
10 18
10 18
10 18
10 22
10 19
10 18
10 19
10 25
10 24
10 18
10 23
10 30
10 18
10 29
10 18
10 23
10 21
10 22
10 18
10 18
10 22
10 25
10 18
10 22
10 18
10 25
10 20
10 18
10 19
10 21
10 18
10 21
10 19
10 19
10 19
10 20
10 18
10 22
10 22
10 24
10 23
10 18
10 18
10 23
10 26
10 20
10 19
10 32
10 21
10 22
10 27
10 19
10 20
10 18
10 18
10 19
10 23
10 19
10 22
10 19
10 18
10 20
10 24
10 23
10 19
10 20
10 20
10 24
10 20
10 21
10 19
10 19
10 18
10 31
10 19
10 18
10 18
10 19
10 19
10 20
10 18
10 18
10 24
10 19
10 18
10 19
10 27
10 32
10 21
10 19
10 20
10 18
10 24
10 19
10 26
10 22
10 18
10 25
10 18
10 22
10 18
10 18
10 21
10 23
10 22
10 20
10 25
10 20
10 18
10 19
10 19
10 18
10 18
10 18
10 28
10 21
10 18
10 19
10 19
10 19
10 20
10 19
10 22
10 25
10 18
10 28
10 19
10 18
10 18
10 24
10 18
10 20
10 18
10 19
10 19
10 20
10 21
10 18
10 18
10 22
10 18
10 20
10 21
10 28
10 20
10 18
10 18
10 20
10 18
10 27
10 24
10 19
10 18
10 20
10 23
10 25
10 20
10 18
10 20
10 23
10 20
10 32
10 19
10 18
10 18
10 19
10 27
10 18
10 21
10 22
10 18
10 22
10 22
10 22
10 18
10 20
10 26
10 19
10 31
10 19
10 21
10 25
10 22
10 19
10 18
10 25
10 18
10 18
10 18
10 20
10 18
10 19
10 19
10 19
10 18
10 25
10 20
10 19
10 19
10 19
10 19
10 20
10 22
10 25
10 18
10 18
10 21
10 18
10 24
10 26
10 18
10 19
10 22
10 18
10 18
10 18
10 28
10 19
10 18
10 23
10 19
10 24
10 18
10 20
10 18
10 19
10 18
10 18
10 19
10 19
10 26
10 19
10 21
10 18
10 19
10 18
10 19
10 21
10 18
10 25
10 19
10 18
10 18
10 25
10 18
10 23
10 18
10 18
10 18
10 19
10 20
10 19
10 19
10 19
10 24
10 21
10 20
10 20
10 21
10 20
10 18
10 18
10 18
10 18
10 19
10 22
10 18
10 22
10 20
10 23
10 19
10 30
10 23
10 18
10 18
10 18
10 18
10 20
10 18
10 21
10 21
10 19
10 21
10 19
10 21
10 19
10 24
10 19
10 18
10 21
10 21
10 18
10 20
10 18
10 19
10 22
10 22
10 19
10 19
10 19
10 20
10 18
10 21
10 23
10 19
10 18
10 23
10 21
10 22
10 20
10 19
10 20
10 18
10 23
10 18
10 23
10 35
10 18
10 26
10 26
10 24
10 19
10 20
10 23
10 23
10 19
10 24
10 19
10 19
10 20
10 20
10 21
10 19
10 18
10 21
10 22
10 18
10 22
10 24
10 19
10 21
10 22
10 21
10 18
10 19
10 21
10 22
10 21
10 18
10 19
10 22
10 20
10 19
10 18
10 18
10 20
10 19
10 18
10 18
10 22
10 22
10 22
10 22
10 18
10 18
10 21
10 20
10 19
10 23
10 18
10 20
10 29
10 21
10 18
10 20
10 22
10 18
10 24
10 21
10 23
10 21
10 19
10 23
10 25
10 20
10 18
10 25
10 20
10 18
10 18
10 18
10 25
10 20
10 20
10 18
10 19
10 20
10 18
10 19
10 24
10 21
10 19
10 22
10 21
10 19
10 20
10 22
10 23
10 25
10 23
10 20
10 22
10 33
10 22
10 23
10 19
10 26
10 19
10 20
10 19
10 22
10 20
10 18
10 18
10 35
10 18
10 18
10 20
10 20
10 20
10 18
10 18
10 28
10 20
10 29
10 28
10 18
10 19
10 20
10 18
10 19
10 18
10 20
10 24
10 21
10 18
10 21
10 30
10 23
10 22
10 20
10 22
10 18
10 19
10 26
10 18
10 18
10 27
10 18
10 18
10 23
10 20
10 29
10 18
10 22
10 19
10 19
10 19
10 18
10 27
10 23
10 24
10 28
10 18
10 22
10 19
10 18
10 18
10 20
10 19
10 21
10 22
10 21
10 25
10 26
10 18
10 19
10 19
10 21
10 22
10 18
10 23
10 18
10 22
10 21
10 18
10 29
10 18
10 20
10 18
10 18
10 20
10 21
10 24
10 19
10 19
10 18
10 22
10 20
10 18
10 20
10 27
10 18
10 25
11 18
11 23
11 22
11 23
11 18
11 21
11 19
11 21
11 22
11 23
11 24
11 22
11 23
11 20
11 18
11 21
11 19
11 20
11 19
11 20
11 22
11 24
12 19
12 25
12 23
12 19
12 23
12 20
12 18
12 18
12 22
12 31
12 19
12 23
12 23
12 21
12 19
12 18
12 21
12 25
12 19
12 21
12 19
12 18
12 18
12 18
12 19
12 19
12 23
12 26
12 26
12 23
12 18
12 19
12 30
12 22
12 27
12 20
12 19
12 19
12 19
12 23
12 18
12 18
12 19
12 20
12 19
12 22
12 18
12 21
12 35
12 18
12 24
12 18
12 29
12 21
12 19
12 30
12 21
12 21
12 18
12 19
12 20
12 19
12 24
12 20
12 19
12 20
12 18
12 18
12 18
12 21
12 21
12 19
12 20
12 27
12 20
12 19
12 24
12 19
12 19
12 18
12 20
12 19
12 21
12 18
12 22
12 25
12 29
12 18
12 21
12 21
12 28
12 25
12 29
12 20
12 18
12 18
12 19
12 18
12 18
12 20
12 19
12 20
12 23
12 19
12 22
12 25
12 23
12 19
12 19
12 19
12 20
12 20
12 18
12 20
12 18
12 22
12 42
12 23
12 20
12 19
12 18
12 24
12 21
12 21
12 18
12 19
12 31
12 18
12 20
12 24
12 26
12 20
12 25
12 18
12 18
12 18
12 19
12 20
12 18
12 24
12 18
12 23
12 19
12 23
12 23
12 18
12 18
12 24
12 19
12 18
12 18
12 22
12 24
12 19
12 26
12 19
12 18
12 28
12 20
12 25
12 18
12 23
12 24
12 23
12 27
12 21
12 25
12 25
12 23
12 18
12 22
12 25
12 42
12 28
12 20
12 18
12 21
12 20
12 20
12 18
12 21
12 24
12 18
12 19
12 19
12 20
12 24
12 22
12 24
12 21
12 20
12 18
12 19
12 18
12 20
12 18
12 21
12 18
12 20
12 26
12 18
12 19
12 18
12 25
12 18
12 21
12 18
12 21
12 21
12 24
12 18
12 22
12 18
12 20
12 18
12 18
12 19
12 18
12 19
12 18
12 20
12 21
12 18
12 21
12 18
12 18
12 18
12 18
12 18
12 19
12 18
12 18
12 24
12 18
12 22
12 24
12 32
12 18
12 21
12 18
12 20
12 18
12 19
12 18
12 22
12 24
12 21
12 19
12 18
12 23
12 21
12 19
12 18
12 18
12 18
12 20
12 20
12 27
12 22
12 18
12 21
12 18
12 22
12 20
12 20
12 18
12 22
12 20
12 21
12 18
12 18
12 21
12 27
12 24
12 18
12 18
12 19
12 18
12 20
12 20
12 23
12 21
12 23
12 18
12 27
12 19
12 24
12 18
12 21
12 18
12 18
12 20
12 19
12 26
12 19
12 26
12 22
12 19
12 18
12 18
12 18
12 25
12 21
12 20
12 19
12 21
12 22
12 19
12 21
12 20
12 18
12 22
12 23
12 21
12 21
12 29
12 18
12 18
12 18
12 21
12 22
12 20
12 20
12 18
12 23
12 18
12 22
12 25
12 20
12 18
12 19
12 22
12 25
12 28
12 27
12 20
12 20
12 18
12 18
12 18
12 25
12 22
12 19
12 18
12 32
13 22
13 24
13 18
13 18
13 22
13 19
13 20
13 19
13 21
13 19
13 18
13 19
13 21
13 20
13 23
13 19
13 23
13 19
13 28
13 18
13 21
13 25
13 19
13 19
13 18
13 18
13 18
13 30
13 24
13 23
13 18
13 21
13 24
13 24
13 27
13 26
13 19
13 21
13 29
13 22
13 21
13 20
13 23
13 21
13 18
13 21
13 18
13 19
13 18
13 21
13 18
13 18
13 23
13 22
13 19
13 26
13 19
13 19
13 21
13 22
14 24
14 23
14 19
14 26
14 18
14 18
14 18
14 20
14 22
14 23
14 19
14 20
14 23
14 19
14 18
14 21
14 19
14 19
14 18
14 20
14 21
14 18
14 18
14 18
14 20
14 20
14 23
14 18
14 18
14 19
14 18
14 21
14 19
14 23
14 27
14 18
14 19
14 19
14 20
14 22
14 19
14 22
14 23
14 25
14 28
14 21
14 32
14 19
14 22
14 22
14 18
14 28
14 18
14 18
14 20
14 18
14 19
14 24
14 18
14 27
14 18
14 25
14 18
14 18
14 20
14 21
14 19
14 19
14 35
14 20
14 20
14 20
14 18
14 20
14 21
14 18
14 23
14 20
14 23
14 26
14 19
14 18
14 18
14 20
14 22
14 21
14 25
14 32
14 18
14 19
14 22
14 22
14 20
14 18
14 21
14 21
14 20
14 25
14 19
14 21
14 22
14 21
14 21
14 21
14 18
14 21
14 19
14 20
14 23
14 18
14 22
14 26
14 23
14 18
14 20
14 18
14 18
14 20
14 24
14 20
14 18
14 18
14 18
14 19
14 23
14 21
14 23
14 18
14 21
14 18
14 22
14 19
14 19
14 18
14 23
14 20
14 20
14 18
14 20
14 20
14 25
14 18
14 22
14 31
14 20
14 21
14 18
14 20
14 18
14 32
14 24
14 23
14 21
14 20
14 23
14 21
14 18
14 27
14 26
14 25
14 29
14 21
14 24
14 18
14 21
14 20
14 18
14 26
14 19
14 19
14 20
14 18
14 20
14 19
14 18
14 20
14 19
14 21
14 21
14 20
14 18
14 18
14 20
14 27
14 18
14 22
14 18
14 19
14 21
14 23
14 25
14 18
14 18
14 19
14 35
14 24
14 21
14 20
14 18
14 18
14 27
14 24
14 18
14 20
14 18
14 19
14 21
14 29
14 19
14 21
14 21
14 21
14 18
14 20
14 23
14 34
14 20
14 29
14 18
14 27
14 18
14 22
14 20
14 20
14 22
14 21
14 27
14 18
14 18
14 19
14 19
14 18
14 18
14 19
14 18
14 18
14 19
14 18
14 19
14 25
14 18
14 24
14 19
14 18
14 18
14 20
14 21
14 20
14 26
14 18
14 24
14 22
14 18
14 19
14 20
14 24
14 20
14 18
14 26
14 18
14 22
14 18
14 19
14 23
14 18
14 19
14 22
14 25
14 18
14 18
14 18
14 21
14 22
14 22
14 19
14 25
14 18
14 18
14 24
14 18
14 18
14 38
14 19
14 22
14 21
14 18
14 21
14 25
14 21
14 26
14 24
14 25
14 24
14 34
14 18
14 18
14 19
14 20
14 24
14 18
14 28
14 21
14 18
14 26
14 18
14 18
14 25
14 18
14 22
14 19
14 23
14 24
14 18
14 22
14 19
14 20
14 26
14 18
14 18
14 26
14 25
14 20
14 20
14 20
14 18
14 20
14 22
14 21
14 19
14 18
14 19
14 26
14 24
14 18
14 24
14 20
14 18
14 20
14 18
14 21
14 18
14 19
14 23
14 18
14 22
14 21
14 26
14 18
14 18
14 20
14 25
14 23
14 21
14 19
14 20
14 20
14 26
14 18
14 18
14 22
14 24
14 20
14 26
15 24
15 21
15 18
15 19
15 19
15 26
15 18
15 21
15 18
15 18
15 22
15 19
15 22
15 18
15 20
15 20
15 20
15 20
15 22
15 21
15 20
15 23
15 18
15 18
15 19
15 19
15 21
15 19
15 21
15 30
15 18
15 22
15 20
15 19
15 18
15 18
15 33
15 18
15 20
15 23
15 21
15 18
15 22
15 23
15 20
15 19
15 23
15 21
15 19
15 18
15 18
15 20
15 18
15 19
15 18
15 20
15 18
15 20
15 19
15 19
15 19
15 21
15 21
15 18
15 21
15 22
15 21
15 19
15 32
15 18
15 18
15 24
15 21
15 18
15 21
15 22
15 19
15 20
15 22
15 21
15 20
15 21
15 18
15 23
15 19
15 18
15 24
15 18
15 23
15 18
15 27
15 22
15 19
15 18
15 20
15 18
15 22
15 22
15 18
15 18
15 23
15 19
15 19
15 19
15 19
15 23
15 18
15 20
15 21
15 24
15 19
15 20
15 20
15 23
15 19
15 24
15 18
15 19
15 18
15 18
15 31
15 21
15 25
15 20
15 28
15 18
15 19
15 22
15 19
15 19
15 29
15 24
15 21
15 25
15 23
15 23
15 18
15 18
15 23
15 19
15 31
15 18
15 18
15 18
15 18
15 21
15 18
15 20
15 18
15 23
15 21
15 23
15 18
15 20
15 18
15 19
15 19
15 21
15 21
15 21
15 22
15 21
15 22
15 18
15 22
15 19
15 19
15 20
15 20
15 19
15 18
15 18
15 25
15 20
15 18
15 34
15 21
15 20
15 20
15 22
15 20
15 23
15 19
15 20
15 20
15 18
15 20
15 23
15 21
15 22
15 19
15 23
15 18
15 20
15 18
15 18
15 20
15 18
15 20
15 29
15 35
15 18
15 19
15 23
15 18
15 20
15 22
15 21
15 27
15 19
15 18
15 19
15 23
15 28
15 18
15 18
15 22
15 20
15 18
15 31
15 25
15 23
15 19
15 18
15 23
15 18
15 21
15 19
15 19
15 27
15 21
15 22
15 19
15 18
15 20
15 19
15 21
15 21
15 21
15 20
15 19
15 18
15 26
15 23
15 18
15 18
15 20
15 18
15 18
15 19
15 20
15 22
15 24
15 23
15 18
15 18
15 24
15 18
15 28
15 23
15 18
15 19
15 18
15 24
15 18
15 20
15 19
15 18
15 28
15 19
15 19
15 18
15 22
15 19
15 18
15 22
15 22
15 18
15 18
15 18
15 19
15 18
15 23
15 21
15 19
15 29
15 21
15 29
15 21
15 21
15 20
15 20
15 20
15 19
15 20
15 19
15 18
15 18
15 19
15 19
15 20
15 20
15 20
15 18
15 18
15 24
15 18
15 19
15 23
15 19
15 24
15 20
15 19
15 21
15 19
15 21
15 20
15 18
15 21
15 21
15 21
15 20
15 20
15 23
15 18
15 25
15 18
15 19
15 18
15 18
15 24
15 19
15 19
15 18
15 18
15 18
15 20
15 18
15 20
15 18
15 21
15 25
15 19
15 26
15 18
15 20
15 20
15 21
15 18
15 18
15 26
15 18
15 21
15 19
15 19
15 19
15 21
15 21
15 18
15 18
15 20
15 22
15 25
15 18
15 18
15 18
15 22
15 22
15 18
15 20
15 19
15 18
15 19
15 21
15 22
15 18
15 24
15 20
15 18
15 21
15 18
15 23
15 18
15 18
15 21
15 18
15 18
15 30
15 19
15 21
15 19
15 18
15 26
15 20
15 20
15 18
15 20
15 18
15 18
15 25
15 19
15 33
15 18
15 22
15 25
15 18
15 20
15 20
15 22
15 21
15 19
15 32
15 21
15 18
15 19
15 22
15 20
15 24
15 18
15 28
15 18
15 19
15 18
15 25
15 22
15 21
15 20
15 18
15 19
15 20
15 20
15 19
15 18
15 20
15 23
15 21
15 30
15 18
15 23
15 20
15 31
15 18
15 27
15 28
15 25
15 24
15 19
15 24
15 22
15 23
15 20
15 19
15 20
15 19
15 22
15 20
15 22
15 18
15 21
15 19
15 19
15 19
15 18
15 22
15 23
15 18
15 28
15 26
15 21
15 30
15 21
15 19
15 24
15 18
15 22
15 30
15 23
15 22
15 33
15 19
15 20
15 19
15 18
15 28
15 19
15 20
15 23
15 19
15 20
15 23
15 18
15 21
15 29
15 23
15 21
15 18
15 22
15 22
15 18
15 20
15 19
15 20
15 18
15 23
15 19
15 20
15 21
15 20
15 18
15 23
15 25
15 19
15 18
15 22
15 21
15 18
15 18
15 18
15 35
15 27
15 20
15 19
15 20
15 20
15 18
15 18
15 18
15 20
15 18
15 18
15 22
15 21
15 18
15 20
15 21
15 19
15 32
15 21
15 22
15 18
15 26
15 18
15 26
15 20
15 18
15 19
15 18
15 19
15 18
15 20
15 29
15 21
15 19
15 19
15 19
15 26
15 19
15 23
15 21
15 18
15 19
15 20
15 24
15 19
15 21
15 25
15 20
15 18
15 18
15 25
15 22
15 22
15 18
15 18
15 20
15 18
15 20
15 19
15 18
15 18
15 24
15 26
15 21
15 25
15 26
15 19
15 26
15 19
15 20
15 23
15 25
15 25
15 24
15 25
15 21
15 22
15 32
15 18
15 24
15 22
15 20
15 18
15 24
15 18
15 28
15 22
15 25
15 18
15 18
15 18
15 18
15 18
15 21
15 25
15 20
15 19
15 24
15 18
15 20
15 21
15 18
15 18
15 23
15 20
15 18
15 33
15 20
15 19
15 19
15 21
15 25
15 21
15 20
15 20
15 18
15 21
15 22
15 25
15 18
15 19
15 18
15 22
15 18
15 18
15 18
15 19
15 20
15 21
15 19
15 21
15 22
15 21
15 18
15 26
15 21
15 19
15 18
15 20
15 18
15 21
15 22
15 18
15 18
15 18
15 18
15 25
15 24
15 20
15 21
15 22
15 20
15 23
15 18
15 26
15 21
15 18
15 20
15 18
15 22
15 18
15 18
15 18
15 18
15 18
15 19
15 31
15 21
15 20
15 18
15 18
15 20
15 29
15 24
15 18
15 20
15 28
15 20
15 21
15 25
15 19
15 18
15 22
15 22
15 20
15 23
15 24
15 18
15 19
15 19
15 25
15 19
15 23
15 20
15 19
15 22
15 20
15 27
15 19
15 20
15 23
15 19
15 20
15 18
15 24
15 22
15 29
15 23
15 18
15 33
15 19
15 18
15 22
15 18
15 35
15 21
15 18
15 23
15 24
16 30
16 19
16 26
16 22
16 18
16 21
16 18
16 24
16 22
16 23
16 28
16 22
16 22
16 20
16 21
16 18
16 34
16 22
16 18
16 19
16 20
16 18
16 22
16 28
16 18
16 19
16 21
16 20
16 26
16 18
16 18
16 19
16 18
16 18
16 18
16 21
16 23
16 22
16 19
16 19
16 22
16 25
16 24
16 27
16 27
16 21
16 18
16 24
16 22
16 18
16 19
16 19
16 22
16 23
16 19
16 20
16 18
16 21
16 21
16 20
16 18
16 21
16 19
16 19
16 18
16 19
16 24
16 18
16 20
16 22
16 19
16 18
16 21
16 19
16 18
16 20
16 20
16 19
16 23
16 22
16 20
16 18
16 23
16 20
16 19
16 18
16 18
16 18
16 22
16 19
16 18
16 19
16 19
16 25
16 24
16 18
16 20
16 23
16 19
16 21
16 19
16 18
16 19
16 25
16 19
16 23
16 22
16 18
16 20
16 18
16 20
16 28
16 21
16 36
16 21
16 20
16 19
16 18
16 20
16 19
16 19
16 20
16 20
16 25
16 18
16 20
16 18
16 19
16 18
16 20
16 21
16 18
16 24
16 19
16 22
16 21
16 18
16 20
16 19
16 18
16 18
16 20
16 19
16 24
16 21
16 18
16 20
16 26
16 22
16 20
16 18
16 18
16 20
16 22
16 18
16 18
16 22
16 21
16 28
16 20
16 18
16 18
16 21
16 21
16 23
16 19
16 18
16 23
16 23
16 18
16 22
16 20
16 20
16 19
16 20
16 21
16 18
16 20
16 20
16 18
16 22
16 21
16 21
16 18
16 26
16 23
16 18
16 20
16 21
16 20
16 18
16 22
16 18
16 25
16 20
16 19
16 18
16 18
16 19
16 18
16 22
16 22
16 19
16 24
16 20
16 18
16 20
16 18
16 23
16 24
16 28
17 19
17 19
17 19
17 23
17 18
17 25
17 18
17 24
17 20
17 21
17 19
17 21
17 18
17 24
17 22
17 19
17 18
17 18
17 24
17 21
17 22
17 18
17 24
17 19
17 18
17 20
17 19
17 21
17 20
17 18
17 19
17 18
17 23
17 18
17 27
17 18
17 21
17 18
17 18
17 22
17 23
17 21
17 18
17 20
17 19
17 22
17 20
17 19
17 21
17 20
17 18
17 19
17 19
17 18
17 21
17 21
17 20
17 28
17 26
17 21
17 20
17 18
17 20
17 23
18 22
18 22
18 21
18 23
18 18
18 18
18 28
18 18
18 18
18 22
18 23
18 26
18 23
18 23
18 18
18 20
18 20
18 20
18 19
18 23
18 19
18 27
18 22
18 24
18 19
18 21
18 18
18 19
18 18
18 20
18 19
18 22
18 20
18 21
18 18
18 23
18 21
18 18
18 23
18 18
18 18
18 22
18 18
18 19
18 21
18 23
18 20
18 26
18 20
18 20
18 18
18 20
18 20
18 20
18 18
18 18
18 18
18 18
18 22
18 18
18 20
18 18
18 18
18 18
18 24
18 24
18 24
18 19
18 21
18 29
18 19
18 19
18 24
18 22
18 21
18 20
18 20
18 24
18 20
18 18
18 19
18 20
18 21
18 28
18 18
18 21
18 22
18 21
18 18
18 22
18 30
18 18
18 18
18 21
18 18
18 18
18 24
18 22
18 19
18 21
18 22
18 19
18 18
18 18
18 19
18 20
18 20
18 19
18 18
18 21
18 22
18 18
18 24
18 21
18 18
18 22
18 19
18 18
18 18
18 20
18 23
18 18
18 18
18 19
18 18
18 21
18 22
18 24
18 18
18 21
18 33
18 29
18 18
18 22
18 18
18 22
18 18
18 21
18 18
18 20
18 21
18 19
18 23
18 18
18 22
18 23
18 21
18 19
18 19
18 18
18 21
18 18
18 18
18 18
18 21
18 18
18 21
18 18
18 19
18 20
18 18
18 21
18 19
18 21
18 20
18 25
18 18
18 21
18 21
18 21
18 25
18 20
18 21
18 19
18 22
18 19
18 23
18 25
18 24
18 22
18 18
18 18
18 25
18 23
18 25
18 18
18 22
18 21
18 20
18 20
18 18
18 22
18 21
18 27
18 22
18 18
18 27
18 25
18 18
18 18
18 23
18 21
18 18
18 20
18 26
18 26
18 20
18 29
18 20
18 24
18 20
18 21
18 19
19 18
19 21
19 18
19 22
19 20
19 23
19 19
19 19
19 22
19 24
19 21
19 22
19 21
19 20
19 27
19 18
19 18
19 18
20 20
20 18
20 20
20 20
20 30
20 24
20 18
20 22
20 20
20 18
20 18
20 20
20 18
20 23
20 19
20 19
20 18
20 20
20 18
20 26
20 19
20 18
20 18
20 20
20 18
20 18
20 19
20 28
20 22
20 22
20 29
20 21
20 19
20 23
20 18
20 21
20 19
20 18
20 19
20 22
20 19
20 18
20 24
20 18
20 21
20 18
20 19
20 19
20 18
20 19
20 22
20 19
20 21
20 21
20 25
20 28
20 24
20 20
20 21
20 28
20 20
20 22
20 22
20 22
20 22
20 20
20 20
20 18
20 18
20 18
20 18
20 23
20 27
20 19
20 18
20 18
20 18
20 24
20 23
20 25
20 27
20 18
20 19
20 18
20 18
20 19
20 18
20 22
20 18
20 22
20 19
20 19
20 20
20 19
20 18
20 25
20 21
20 25
20 19
20 25
20 22
20 21
20 25
20 18
20 18
20 19
20 18
20 18
20 18
20 18
20 20
20 18
20 18
20 20
20 19
20 26
20 23
20 19
20 21
20 18
20 18
20 19
20 19
20 22
20 19
20 20
20 18
20 24
20 19
20 27
20 18
20 21
20 18
20 19
20 18
20 18
20 19
20 18
20 19
20 24
20 18
20 23
20 18
20 18
20 18
20 24
20 22
20 19
20 18
20 19
20 20
20 21
20 22
20 20
20 21
20 22
20 18
20 21
20 23
20 20
20 18
20 18
20 19
20 20
20 18
20 19
20 18
20 28
20 19
20 21
20 21
20 24
20 23
20 19
20 23
20 22
20 18
20 19
20 23
20 22
20 18
20 21
20 20
20 19
20 18
20 21
20 19
20 19
20 20
20 20
20 20
20 18
20 20
20 19
20 22
20 22
20 19
20 20
20 18
20 21
20 23
20 23
20 19
20 20
20 27
20 22
20 18
20 28
20 23
20 29
20 25
20 18
20 18
20 18
20 18
20 25
20 20
20 19
20 24
20 18
20 22
20 23
20 18
20 18
20 26
20 25
20 20
20 18
20 20
20 21
20 23
20 23
20 25
20 20
20 24
20 18
20 19
20 22
20 22
20 21
20 19
20 18
20 21
20 22
20 27
20 23
20 18
20 18
20 18
20 18
20 18
20 20
20 22
20 18
20 20
20 32
20 20
20 25
20 20
20 21
20 21
20 22
20 21
20 19
20 20
20 20
20 19
20 19
20 21
20 18
20 26
20 24
20 23
20 22
20 21
20 19
20 24
20 20
20 30
20 25
20 19
20 20
20 21
20 19
20 18
20 23
20 20
20 19
20 19
20 18
20 18
20 20
20 26
20 19
20 19
20 18
20 18
20 23
20 18
20 18
20 22
20 24
20 19
20 18
20 19
20 22
20 25
20 23
20 19
20 18
20 23
20 19
20 20
20 22
20 20
20 21
20 21
20 21
20 19
20 23
20 28
20 19
20 18
20 20
20 18
20 18
20 22
20 22
20 18
20 18
20 26
20 22
20 20
20 22
20 18
20 21
20 20
20 18
20 18
20 18
20 24
20 20
20 22
20 20
20 20
20 20
20 19
20 22
20 21
20 23
20 25
20 19
20 27
20 18
20 18
20 19
20 21
20 23
20 19
20 25
20 27
20 18
20 19
20 18
20 19
20 19
20 23
20 23
20 23
20 23
20 20
20 20
20 18
20 18
20 20
20 21
20 19
20 18
20 22
20 24
20 18
20 19
20 18
20 20
20 18
20 19
20 21
20 18
20 20
20 21
20 18
20 20
20 18
20 20
20 21
20 18
20 19
20 18
20 24
20 25
20 26
20 18
20 18
20 18
20 19
20 23
20 25
20 28
20 21
20 21
20 23
20 19
20 23
20 18
20 18
20 29
20 25
20 21
20 21
20 26
20 21
20 24
20 21
20 19
20 19
20 22
20 18
20 21
20 18
20 18
20 19
20 18
20 18
20 18
20 24
20 19
20 19
20 18
20 24
20 18
20 18
20 19
20 19
20 29
20 18
20 25
20 25
20 21
20 33
20 19
20 20
20 18
20 23
20 23
20 19
20 23
20 18
20 23
20 19
20 32
20 24
20 28
20 20
20 19
20 22
20 18
20 25
20 23
20 21
20 18
20 23
20 19
20 19
20 24
20 18
20 18
20 21
20 28
20 25
20 18
20 18
20 25
20 19
20 21
20 21
20 19
20 38
20 18
20 33
20 20
20 23
20 18
20 20
20 19
20 22
20 20
20 22
20 18
20 20
20 18
20 18
20 19
20 18
20 20
20 19
20 19
20 20
20 19
20 20
20 18
20 21
20 20
20 21
20 19
20 20
20 18
20 18
20 19
20 22
20 21
20 24
20 21
20 19
20 18
20 21
20 20
20 21
20 18
20 19
20 18
20 21
20 20
20 20
20 24
20 19
20 21
20 20
20 21
20 27
20 32
20 20
20 23
20 20
20 18
20 21
20 19
20 18
20 18
20 19
20 19
20 18
20 24
20 23
20 27
20 20
20 23
20 18
20 24
20 18
20 21
20 34
20 19
20 20
20 18
20 18
20 22
20 19
20 30
20 24
20 29
20 21
20 19
20 20
20 24
20 20
20 18
20 21
20 20
20 23
20 19
20 20
20 20
20 23
20 24
20 18
20 19
20 20
20 19
20 21
20 18
20 18
20 18
20 21
20 18
20 21
20 20
20 23
20 18
20 18
20 26
20 21
20 24
20 21
20 18
20 18
20 22
20 22
20 18
20 24
20 19
20 22
20 18
20 21
20 18
20 23
20 20
20 18
20 19
20 18
20 19
20 18
20 21
20 23
20 22
20 19
20 19
20 19
20 24
20 18
20 25
20 24
20 18
20 19
20 18
20 19
20 21
20 19
20 18
20 19
20 19
20 22
20 24
20 20
20 18
20 20
20 23
20 19
20 19
20 20
20 22
20 23
20 20
20 18
20 21
20 21
20 25
20 23
20 20
20 19
20 27
20 23
20 22
20 19
20 18
20 20
20 19
20 22
20 21
20 20
20 20
20 20
20 18
20 18
20 18
20 19
20 19
20 21
20 18
20 27
20 18
20 30
20 21
20 31
20 20
20 18
20 19
20 24
20 18
20 21
20 18
20 21
20 20
20 26
20 18
20 24
20 21
20 18
20 20
20 18
20 18
20 27
20 21
20 18
20 26
20 21
20 23
20 18
20 18
20 26
20 22
20 24
20 20
20 24
20 18
20 23
20 20
20 26
20 26
20 19
20 20
20 18
20 18
20 20
20 18
20 21
20 25
20 18
20 21
20 30
20 23
20 20
20 20
20 21
20 18
20 23
20 22
20 21
20 20
20 20
20 18
20 19
20 20
20 19
20 20
20 20
20 18
20 24
20 19
20 18
20 24
20 22
20 18
20 18
20 20
20 18
20 18
20 23
20 18
20 18
20 20
20 18
20 18
20 19
20 26
20 23
20 20
20 18
20 18
20 18
20 21
20 23
20 18
20 19
20 21
20 18
20 18
20 25
20 18
20 27
20 21
20 21
20 22
20 25
20 20
20 18
20 19
20 21
20 19
20 23
20 18
20 18
20 23
20 18
20 18
20 21
20 20
20 18
20 19
20 20
20 18
20 22
20 20
20 25
20 23
20 18
20 18
20 18
20 20
20 18
20 19
20 23
20 24
20 18
20 20
20 20
20 19
20 23
20 20
20 18
20 20
20 19
20 20
20 28
20 23
20 21
20 22
20 22
20 21
20 20
20 20
20 29
20 21
20 19
20 18
20 29
20 25
20 20
20 20
20 20
20 23
20 18
20 26
20 21
20 19
20 25
20 19
20 18
20 18
20 21
20 22
20 18
20 22
20 23
20 18
20 18
20 18
20 22
20 18
20 19
20 18
20 18
20 20
20 25
20 22
20 23
20 25
20 24
20 21
20 21
20 22
20 18
20 20
20 23
20 18
20 18
20 18
20 18
20 19
20 21
20 23
20 19
20 21
20 23
20 18
20 20
20 24
20 18
20 19
20 19
20 18
20 20
20 22
20 18
20 18
20 20
20 19
20 20
20 18
20 23
20 26
20 25
20 22
20 20
20 18
20 20
20 23
20 19
20 19
20 20
20 18
20 19
20 26
20 21
20 19
20 19
20 21
20 19
20 19
20 18
20 24
20 18
20 30
20 18
20 22
20 18
20 24
20 20
20 19
20 20
20 21
20 26
20 21
20 19
20 18
20 19
20 18
20 21
20 20
20 19
20 18
20 23
20 21
20 20
20 22
20 19
20 19
20 22
20 21
20 23
20 19
20 20
20 18
20 19
20 30
20 25
20 18
20 23
20 19
20 19
20 21
20 19
20 19
20 22
20 19
20 21
20 24
20 20
20 25
20 18
20 21
20 21
20 25
20 21
20 19
20 27
20 18
20 18
20 18
20 21
20 18
20 18
20 21
20 20
20 25
20 22
20 18
20 20
20 20
20 36
20 18
20 19
20 20
20 19
20 18
20 27
20 22
20 23
20 19
20 18
20 18
20 19
20 20
20 18
20 19
20 18
20 19
20 26
20 29
20 25
20 27
20 21
20 22
20 25
20 21
20 18
20 20
20 18
20 23
20 19
20 23
20 21
20 20
20 20
20 19
20 21
20 18
20 21
20 18
20 19
20 20
20 24
20 23
20 22
20 18
20 19
20 19
20 26
20 18
20 18
20 25
20 18
20 28
20 25
20 18
20 18
20 19
20 22
20 22
20 18
20 24
20 25
20 28
20 24
20 33
20 26
20 20
20 18
20 19
20 18
20 23
20 20
20 33
20 18
20 21
20 24
20 21
20 22
20 29
20 21
20 18
20 18
20 18
20 21
20 18
20 34
20 21
20 20
20 18
20 18
20 19
20 20
20 23
20 32
20 19
20 19
20 19
20 21
20 22
20 25
20 20
20 19
20 21
20 21
20 33
20 19
20 18
20 18
20 18
20 20
20 24
20 20
20 18
20 18
20 20
20 19
20 24
20 19
20 18
20 18
20 19
20 19
20 22
20 18
20 18
20 18
20 20
20 18
20 21
20 18
20 19
20 27
20 21
20 18
20 19
20 18
20 20
20 18
20 24
20 18
20 21
20 18
20 19
20 21
20 18
20 20
20 18
20 18
20 22
20 19
20 20
20 18
20 21
20 27
20 18
20 18
20 19
20 18
20 20
20 25
20 19
20 18
20 20
20 19
20 22
20 22
20 20
20 18
20 23
20 20
20 22
20 19
20 22
20 24
20 23
20 18
20 23
20 20
20 19
20 20
20 18
20 19
20 20
20 20
20 21
20 20
20 21
20 18
20 22
20 19
20 29
20 18
20 20
20 21
20 22
20 24
20 20
20 20
20 27
20 27
20 25
20 21
20 19
20 21
20 20
20 19
20 19
20 23
20 28
20 24
20 18
20 19
20 26
20 18
20 18
20 18
20 21
20 18
20 23
20 22
20 18
20 21
20 22
20 18
20 26
20 21
20 18
20 18
20 24
20 21
20 26
20 19
20 24
20 18
20 19
20 18
20 22
20 18
20 18
20 21
20 19
20 20
20 18
20 18
20 21
20 29
20 20
20 24
20 19
20 22
20 24
20 20
20 19
20 23
20 20
20 18
20 18
20 18
20 27
20 18
20 20
20 18
20 24
20 20
20 18
20 23
20 22
20 18
20 21
20 35
20 22
20 25
20 21
20 19
20 26
20 19
20 19
20 21
20 20
20 20
20 18
20 18
20 25
20 20
20 19
20 21
20 19
20 19
20 18
20 21
20 21
20 18
20 19
20 19
20 18
20 29
20 18
20 20
20 20
20 21
20 18
20 21
20 21
20 18
20 18
20 18
20 22
20 27
20 20
20 22
20 21
20 21
20 18
20 18
20 18
20 20
20 23
20 18
20 18
20 20
20 19
20 19
20 23
20 20
20 22
20 25
20 18
20 19
20 20
20 21
20 20
20 19
20 20
20 19
20 22
20 24
20 22
20 23
20 29
20 18
20 29
20 23
20 19
20 22
20 18
20 18
20 19
20 20
20 26
20 19
20 20
20 18
20 21
20 18
20 18
20 18
20 19
20 24
20 24
20 24
20 18
20 19
20 21
20 20
20 20
20 18
20 18
20 21
20 18
20 19
20 19
20 31
20 22
20 23
20 23
20 19
20 21
20 18
20 21
20 19
20 18
20 24
20 22
20 29
20 18
20 18
20 18
20 22
20 18
20 18
20 21
20 20
20 18
20 20
20 20
20 18
20 23
20 21
20 24
20 24
20 22
20 21
20 18
20 18
20 19
20 20
20 18
20 19
20 19
20 21
20 19
20 20
20 18
20 29
20 18
20 27
20 21
20 18
20 21
20 21
20 22
20 18
20 24
20 23
20 25
20 19
20 19
20 25
20 24
20 18
20 20
20 27
20 20
20 18
20 19
20 18
20 19
20 18
20 18
20 26
20 20
20 19
20 25
20 19
20 21
20 21
20 21
20 19
20 18
20 27
20 22
20 19
20 18
20 26
20 25
20 18
20 20
20 20
20 19
20 29
20 18
20 22
20 21
20 19
20 21
20 26
20 19
20 25
20 18
20 21
20 19
20 21
20 20
20 23
20 24
20 28
20 23
20 23
20 21
20 25
20 25
20 18
20 22
20 22
20 19
20 30
20 25
20 27
20 20
20 18
20 19
20 18
20 21
20 18
20 19
20 21
20 21
20 19
20 20
20 18
20 19
20 18
20 21
20 18
20 21
20 21
20 20
20 19
20 18
20 18
20 24
20 26
20 19
20 25
20 18
20 25
20 20
20 27
20 19
20 22
20 19
20 18
20 18
20 20
20 19
20 23
20 25
20 18
20 19
20 19
20 18
20 24
20 20
20 18
20 24
20 20
20 19
20 20
20 27
20 18
20 18
20 18
20 19
20 28
20 18
20 18
20 36
20 20
20 23
20 19
20 26
20 18
20 18
20 23
20 21
20 19
20 20
20 23
20 23
20 19
20 26
20 18
20 18
20 21
20 18
20 18
20 26
20 18
20 22
20 19
20 20
20 19
20 21
20 18
20 24
20 19
20 19
20 21
20 20
20 21
20 20
20 24
20 18
20 21
20 20
20 18
20 23
21 25
21 20
21 18
21 18
21 21
21 30
21 20
21 18
21 18
21 19
21 19
21 20
21 31
21 21
21 18
21 18
21 20
21 20
21 18
21 23
21 22
21 19
21 18
21 24
21 21
21 20
21 19
21 21
21 18
21 21
21 23
21 22
21 21
21 19
21 21
21 25
21 20
21 22
21 22
21 18
21 18
21 18
21 21
21 18
21 24
21 20
21 24
21 20
21 21
21 22
21 21
21 26
21 18
21 18
21 18
21 22
21 24
21 19
21 25
21 22
21 28
21 19
21 18
21 18
21 20
21 25
21 19
21 18
21 18
21 18
21 18
21 19
21 18
21 21
21 18
21 21
21 21
21 21
21 27
21 23
21 18
21 33
21 24
21 26
21 23
21 21
21 24
21 18
21 21
21 18
21 18
21 27
21 18
21 22
21 22
21 32
21 24
21 26
21 19
21 20
21 21
21 18
21 20
21 22
21 18
21 19
21 25
21 19
21 18
21 23
21 22
21 18
21 19
21 18
21 19
21 26
21 23
21 24
21 22
21 21
21 22
21 25
21 29
21 18
21 19
21 18
21 19
21 18
21 24
21 18
21 19
21 24
21 21
21 18
21 20
21 20
21 26
21 26
21 21
21 18
21 19
21 21
21 19
21 23
21 27
21 23
21 25
21 25
21 23
21 21
21 19
21 20
21 24
21 19
21 20
21 21
21 19
21 21
21 19
21 19
21 18
21 21
21 18
21 20
21 20
21 21
21 20
21 21
21 35
21 34
21 18
21 22
21 21
21 33
21 25
21 24
21 18
21 19
21 21
21 18
21 19
21 18
21 20
21 20
21 18
21 18
21 19
21 22
21 18
21 20
21 18
21 20
21 26
21 18
21 25
21 18
21 22
21 25
21 26
21 22
21 21
21 31
21 19
21 19
21 26
21 18
21 18
21 25
21 23
21 18
21 19
21 18
21 22
21 20
21 19
21 22
21 18
21 24
21 30
21 18
21 18
21 20
21 22
21 26
21 27
21 22
21 19
21 20
21 20
21 18
21 19
21 21
21 19
21 20
21 21
21 23
21 18
21 30
21 23
21 18
21 22
21 18
21 22
21 18
21 19
21 19
21 18
21 20
21 19
21 19
21 20
21 22
21 22
21 19
21 18
21 18
21 18
21 22
21 18
21 23
21 20
21 22
21 18
21 18
21 21
21 19
21 28
21 18
21 21
21 20
21 19
21 18
21 22
21 21
21 21
21 18
21 19
21 18
21 20
21 21
21 21
21 23
21 22
21 22
21 19
21 24
21 18
21 20
21 18
21 25
21 18
21 22
21 25
21 21
21 19
21 24
21 20
21 21
21 18
21 26
21 19
21 25
21 22
21 19
21 18
21 18
21 21
21 20
21 27
22 24
22 21
22 22
22 20
22 19
22 21
22 18
22 19
22 31
22 18
22 19
22 18
22 18
22 21
22 19
22 19
22 19
22 18
22 24
22 18
22 20
22 23
22 18
22 22
22 18
22 26
22 19
22 27
22 27
22 19
22 19
22 19
22 20
22 18
22 22
22 23
22 24
22 20
22 23
22 21
22 19
22 20
22 18
23 18
23 20
23 19
23 18
23 23
23 18
23 25
23 18
23 18
23 20
23 19
23 21
23 22
23 21
23 20
23 21
23 30
23 18
23 19
24 18
24 19
24 19
24 22
24 23
24 18
24 18
24 20
24 18
24 25
24 20
24 18
24 18
24 20
24 28
24 19
24 18
24 20
24 25
24 26
24 26
24 18
24 18
24 18
24 18
24 23
24 19
24 18
24 22
24 18
24 18
24 18
24 29
24 22
24 27
24 19
24 20
24 21
24 19
24 28
24 18
24 20
24 24
24 18
24 27
24 21
24 19
24 18
24 18
24 22
24 22
24 20
24 18
24 19
24 21
24 28
24 18
24 20
24 19
24 18
24 22
24 18
24 19
24 26
24 32
24 25
24 18
24 22
24 20
24 22
24 18
24 20
24 21
24 25
24 20
24 20
24 21
24 22
24 18
24 20
24 24
24 22
24 19
24 20
24 20
24 19
24 19
24 20
24 20
24 19
24 18
24 18
24 26
24 18
24 19
24 23
24 18
24 19
24 24
24 18
24 20
24 19
24 23
24 27
24 21
24 19
24 20
24 18
24 18
24 22
24 21
24 18
24 21
24 20
24 20
24 20
24 19
25 25
25 19
25 27
25 18
25 18
25 20
25 22
25 19
25 18
25 19
25 19
25 20
25 18
25 18
25 18
25 18
25 22
25 19
25 18
25 19
25 23
25 18
25 19
25 18
25 18
25 20
25 26
25 18
25 21
25 19
25 19
25 20
25 18
25 19
25 22
25 18
25 23
25 18
25 18
25 28
25 24
25 20
25 21
25 20
25 23
25 23
25 39
25 18
25 24
25 23
25 21
25 21
25 18
25 19
25 18
25 18
25 18
25 21
25 24
25 26
25 25
25 21
25 19
25 18
25 21
25 19
25 18
25 20
25 20
25 18
25 18
25 18
25 20
25 18
25 18
25 21
25 22
25 21
25 18
25 22
25 19
25 19
25 19
25 21
25 18
25 24
25 20
25 19
25 22
25 18
25 19
25 23
25 18
25 26
25 19
25 18
25 19
25 22
25 19
25 20
25 20
25 23
25 26
25 18
25 24
25 19
25 18
25 24
25 24
25 18
25 19
25 22
25 18
25 22
25 19
25 21
25 19
25 19
25 24
25 18
25 18
25 18
25 20
25 22
25 18
25 19
25 22
25 19
25 19
25 27
25 25
25 21
25 18
25 31
25 20
25 22
25 18
25 18
25 21
25 18
25 25
25 18
25 39
25 26
25 18
25 26
25 28
25 23
25 25
25 18
25 18
25 21
25 21
25 20
25 19
25 20
25 25
25 18
25 20
25 20
25 28
25 20
25 18
25 20
25 21
25 21
25 22
25 21
25 20
25 19
25 18
25 28
25 18
25 22
25 26
25 20
25 19
25 22
25 21
25 18
25 18
25 20
25 19
25 18
25 19
25 19
25 20
25 19
25 26
25 18
25 21
25 23
25 25
25 22
25 18
25 18
25 30
25 24
25 18
25 24
25 19
25 19
25 23
25 22
25 27
25 21
25 18
25 25
25 21
25 24
25 21
25 18
25 22
25 18
25 18
25 19
25 21
25 18
25 18
25 26
25 18
25 18
25 20
25 27
25 23
25 20
25 21
25 19
25 19
25 18
25 22
25 18
25 18
25 19
25 27
25 20
25 20
25 21
25 18
25 20
25 18
25 20
25 18
25 25
25 24
25 29
25 18
25 18
25 20
25 23
25 24
25 24
25 18
25 23
25 23
25 21
25 22
25 18
25 18
25 18
25 18
25 18
25 18
25 18
25 18
25 18
25 18
25 23
25 24
25 18
25 18
25 19
25 22
25 19
25 18
25 22
25 19
25 24
25 22
25 21
25 18
25 20
25 22
25 26
25 18
25 18
25 26
25 18
25 18
25 19
25 25
25 20
25 18
25 21
25 23
25 19
25 18
25 18
25 22
25 21
25 20
25 21
25 20
25 20
25 19
25 19
25 19
25 22
25 20
25 18
25 19
25 23
25 21
25 25
25 19
25 23
25 19
25 21
25 22
25 20
25 21
25 19
25 21
25 20
25 20
25 19
25 27
25 24
25 25
25 18
25 19
25 20
25 21
25 21
25 19
25 23
25 20
25 21
25 19
25 22
25 18
25 27
25 18
25 22
25 23
25 19
25 18
25 19
25 20
25 19
25 18
25 23
25 21
25 19
25 20
25 21
25 22
25 23
25 20
25 21
25 19
25 22
25 18
25 18
25 21
25 23
25 23
25 22
25 18
25 26
25 26
25 21
25 19
25 18
25 22
25 19
25 19
25 19
25 20
25 19
25 18
25 19
25 19
25 20
25 18
25 19
25 24
25 23
25 21
25 19
25 25
25 19
25 25
25 23
25 18
25 19
25 26
25 23
25 22
25 28
25 21
25 18
25 18
25 23
25 19
25 20
25 18
25 23
25 18
25 20
25 24
25 18
25 18
25 23
25 18
25 20
25 20
25 22
25 19
25 24
25 22
25 25
25 25
25 23
25 20
25 22
25 19
25 20
25 19
25 20
25 19
25 19
25 18
25 21
25 18
25 24
25 23
25 21
25 19
25 18
25 21
25 29
25 20
25 18
25 22
25 18
25 21
25 24
25 19
25 18
25 19
25 19
25 20
25 18
25 19
25 22
25 26
25 20
25 32
25 18
25 24
25 18
25 18
25 20
25 19
25 18
25 20
25 22
25 20
25 18
25 18
25 22
25 18
25 30
25 19
25 18
25 22
25 21
25 20
25 21
25 18
25 27
25 18
25 18
25 24
25 22
25 19
25 21
25 20
25 25
25 18
25 25
25 24
25 18
25 18
25 19
25 23
25 18
25 18
25 18
25 18
25 21
25 21
25 21
25 19
25 18
25 19
25 20
25 20
25 19
25 23
25 18
25 27
25 18
25 23
25 18
25 19
25 19
25 18
25 19
25 19
25 21
25 19
25 18
25 23
25 23
25 28
25 23
25 19
25 19
25 20
25 20
25 18
25 25
25 19
25 19
25 18
25 18
25 20
25 20
25 18
25 22
25 25
25 19
25 27
25 18
25 21
25 18
25 18
25 22
25 22
25 21
25 18
25 23
25 18
25 18
25 22
25 20
25 20
25 18
25 21
25 21
25 18
25 18
25 19
25 23
25 19
25 30
25 18
25 19
25 18
25 25
25 18
25 22
25 21
25 19
25 18
25 27
25 22
25 18
26 19
26 23
26 22
26 24
26 24
26 19
26 20
26 24
26 21
26 23
26 21
26 18
26 18
27 21
27 18
27 25
27 18
27 18
27 24
27 18
27 19
27 18
27 18
27 25
27 19
27 24
27 19
27 20
28 21
28 22
28 18
28 26
28 18
28 19
28 18
28 20
28 20
28 22
28 18
28 18
28 19
28 18
28 28
28 21
28 19
28 21
28 27
28 18
28 24
28 29
28 19
28 21
28 21
28 18
28 23
28 28
28 25
28 19
28 20
28 18
28 24
28 18
28 19
28 22
28 21
28 20
28 20
28 23
28 21
28 23
28 29
28 22
28 28
28 24
28 21
28 18
28 26
28 19
28 21
28 19
28 21
28 22
28 19
28 22
28 21
28 22
28 18
28 21
28 27
28 20
28 23
28 23
28 26
28 18
28 19
28 18
28 22
28 18
28 19
28 23
28 27
28 20
28 19
28 19
28 18
28 20
28 18
28 21
28 22
28 20
28 19
28 25
28 23
28 19
28 18
28 20
28 22
28 18
28 20
28 18
28 20
28 22
28 26
28 18
28 20
28 23
28 23
28 22
28 18
28 22
28 20
28 21
28 18
28 18
28 24
28 18
28 18
28 18
28 23
28 20
28 21
28 18
28 25
28 21
28 25
28 20
28 20
28 18
28 22
28 23
28 22
28 18
28 18
28 25
28 20
28 18
28 41
28 22
28 19
28 27
28 18
28 19
28 24
28 18
28 23
28 22
28 22
28 22
28 24
28 18
28 19
28 19
28 18
28 18
28 18
28 25
28 27
28 21
28 23
28 22
28 23
28 18
28 20
28 25
28 21
28 18
28 23
28 19
28 18
28 18
28 23
28 19
28 18
28 18
28 22
28 18
28 18
28 20
29 18
29 20
29 21
29 25
29 20
29 22
29 20
29 19
29 23
30 23
30 18
30 21
30 19
30 19
30 18
30 29
30 18
30 18
30 21
30 18
30 24
30 24
30 20
30 18
30 19
30 18
30 23
30 19
30 18
30 19
30 18
30 20
30 19
30 20
30 19
30 20
30 20
30 21
30 20
30 18
30 19
30 20
30 21
30 21
30 22
30 18
30 20
30 22
30 19
30 19
30 18
30 18
30 18
30 18
30 18
30 18
30 18
30 19
30 18
30 19
30 18
30 18
30 21
30 22
30 19
30 20
30 21
30 21
30 21
30 18
30 21
30 18
30 19
30 19
30 22
30 18
30 18
30 20
30 18
30 19
30 23
30 20
30 20
30 20
30 27
30 20
30 21
30 18
30 19
30 27
30 28
30 20
30 22
30 18
30 20
30 18
30 20
30 21
30 18
30 18
30 21
30 18
30 33
30 18
30 18
30 18
30 22
30 18
30 19
30 23
30 23
30 18
30 22
30 25
30 20
30 25
30 22
30 26
30 21
30 23
30 18
30 20
30 30
30 18
30 18
30 18
30 19
30 19
30 21
30 21
30 20
30 18
30 18
30 18
30 18
30 21
30 26
30 19
30 27
30 20
30 18
30 21
30 19
30 22
30 19
30 19
30 21
30 23
30 21
30 19
30 18
30 21
30 18
30 22
30 21
30 20
30 18
30 21
30 22
30 18
30 19
30 18
30 18
30 21
30 20
30 19
30 18
30 19
30 19
30 19
30 23
30 24
30 18
30 18
30 21
30 22
30 18
30 20
30 18
30 20
30 18
30 22
30 24
30 18
30 21
30 20
30 22
30 23
30 18
30 19
30 19
30 20
30 22
30 23
30 21
30 18
30 19
30 19
30 21
30 18
30 21
30 24
30 21
30 19
30 21
30 23
30 18
30 19
30 18
30 25
30 20
30 20
30 20
30 22
30 20
30 31
30 18
30 23
30 19
30 18
30 23
30 18
30 18
30 24
30 20
30 18
30 19
30 26
30 18
30 18
30 19
30 18
30 20
30 19
30 18
30 18
30 18
30 18
30 22
30 18
30 20
30 20
30 21
30 18
30 24
30 22
30 21
30 18
30 20
30 18
30 18
30 19
30 18
30 22
30 19
30 18
30 19
30 21
30 20
30 23
30 25
30 18
30 21
30 24
30 19
30 19
30 20
30 18
30 20
30 19
30 24
30 18
30 27
30 24
30 19
30 23
30 18
30 18
30 20
30 19
30 18
30 23
30 18
30 24
30 21
30 21
30 20
30 18
30 18
30 20
30 19
30 28
30 22
30 22
30 18
30 20
30 23
30 20
30 18
30 18
30 19
30 18
30 22
30 24
30 19
30 18
30 18
30 18
30 20
30 23
30 26
30 19
30 21
30 19
30 21
30 20
30 19
30 18
30 21
30 19
30 22
30 18
30 19
30 20
30 20
30 21
30 22
30 20
30 23
30 18
30 21
30 18
30 21
30 18
30 18
30 19
30 21
30 19
30 18
30 21
30 19
30 21
30 19
30 21
30 18
30 21
30 23
30 25
30 22
30 19
30 23
30 21
30 21
30 19
30 19
30 19
30 19
30 25
30 18
30 22
30 20
30 20
30 19
30 29
30 22
30 18
30 23
30 21
30 20
30 24
30 25
30 18
30 21
30 21
30 23
30 20
30 21
30 19
30 20
30 23
30 23
30 19
30 21
30 21
30 22
30 19
30 21
30 27
30 19
30 18
30 19
30 24
30 18
30 20
30 24
30 18
30 27
30 18
30 22
30 20
30 19
30 21
30 19
30 24
30 32
30 19
30 18
30 19
30 27
30 22
30 18
30 23
30 21
30 24
30 21
30 19
30 19
30 20
30 18
30 18
30 21
30 20
30 22
30 19
30 18
30 20
30 21
30 22
30 23
30 21
30 21
30 18
30 24
30 18
30 21
30 21
30 24
30 25
30 18
30 21
30 22
30 19
30 19
30 21
30 21
30 21
30 20
30 19
30 18
30 23
30 19
30 18
30 18
30 18
30 19
30 18
30 21
30 19
30 20
30 18
30 22
30 18
30 18
30 20
30 23
30 23
30 18
30 20
30 20
30 23
30 21
30 20
30 18
30 20
30 29
30 21
30 19
30 19
30 21
30 18
30 18
30 20
30 19
30 18
30 25
30 19
30 19
30 22
30 18
30 21
30 18
30 27
30 23
30 20
30 18
30 21
30 18
30 20
30 20
30 19
30 20
30 22
30 18
30 19
30 22
30 19
30 18
30 20
30 18
30 18
30 24
30 18
30 21
30 21
30 18
30 22
30 19
30 24
30 18
30 22
30 20
30 19
30 28
30 18
30 18
30 26
30 24
30 18
30 19
30 19
30 26
30 23
30 22
30 22
30 21
30 18
30 19
30 19
30 23
30 18
30 18
30 18
30 21
30 18
30 22
30 19
30 22
30 18
30 19
30 28
30 21
30 27
30 24
30 19
30 18
30 18
30 24
30 28
30 18
30 19
30 19
30 19
30 20
30 18
30 25
30 18
30 24
30 22
30 20
30 21
30 18
30 18
30 18
30 21
30 18
30 22
30 19
30 19
30 19
30 21
30 18
30 18
30 21
30 18
30 21
30 26
30 19
30 21
30 19
30 18
30 18
30 18
30 24
30 20
30 19
30 26
30 18
30 19
30 18
30 19
30 24
30 20
30 20
30 18
30 21
30 28
30 19
30 19
30 21
30 19
30 18
30 20
30 23
30 29
30 18
30 20
30 25
30 18
30 27
30 19
30 23
30 21
30 18
30 26
30 23
30 23
30 20
30 18
30 18
30 19
30 20
30 20
30 19
30 18
30 18
30 25
30 22
30 22
30 18
30 18
30 22
30 24
30 19
30 18
30 21
30 18
30 22
30 20
30 20
30 20
30 22
30 18
30 26
30 31
30 18
30 22
30 18
30 25
30 20
30 22
30 30
30 21
30 19
30 24
30 18
30 18
30 19
30 18
30 23
30 21
30 18
30 18
30 26
30 18
30 18
30 18
30 19
30 18
30 19
30 21
30 19
30 24
30 18
30 18
30 20
30 21
30 23
30 19
30 22
30 33
30 24
30 24
30 18
30 18
30 21
30 20
30 23
30 19
30 21
30 23
30 18
30 23
30 25
30 24
30 18
30 30
30 19
30 21
30 18
30 22
30 18
30 26
30 19
30 18
30 18
30 20
30 18
30 20
30 22
30 18
30 21
30 24
30 19
30 19
30 18
30 18
30 20
30 26
30 18
30 18
30 18
30 18
30 20
30 18
30 20
30 30
30 19
30 22
30 19
30 20
30 24
30 25
30 19
30 18
30 18
30 18
30 18
30 19
30 18
30 19
30 19
30 21
30 18
30 21
30 18
30 22
30 19
30 20
30 18
30 18
30 21
30 20
30 26
30 20
30 22
30 21
30 18
30 18
30 22
30 19
30 27
30 19
30 23
30 22
30 19
30 19
30 19
30 21
30 21
30 18
30 20
30 20
30 22
30 20
30 20
30 23
30 21
30 18
30 25
30 18
30 23
30 18
30 19
30 27
30 21
30 19
30 20
30 20
30 27
30 24
30 20
30 18
30 20
30 18
30 20
30 22
31 21
31 23
31 26
32 19
32 18
32 19
32 21
32 18
32 24
32 18
32 20
32 23
32 21
32 20
32 20
32 22
32 19
32 21
32 20
32 18
32 19
32 34
32 20
32 20
32 19
32 21
34 21
34 20
34 19
34 18
34 22
34 23
35 19
35 24
35 18
35 20
35 18
35 23
35 29
35 21
35 18
35 18
35 19
35 23
35 22
35 19
35 19
35 20
35 19
35 19
35 21
35 23
35 24
35 21
35 19
35 19
35 20
35 18
35 26
35 18
35 18
35 20
35 23
35 20
35 19
35 20
35 19
35 25
35 21
35 21
35 22
35 20
35 22
35 20
35 21
35 25
35 20
35 21
35 22
35 20
35 21
35 25
35 20
35 18
35 19
35 20
35 30
35 20
35 19
35 18
35 18
35 18
35 21
35 28
35 19
35 20
35 22
35 20
35 23
35 21
35 20
35 18
35 22
35 23
35 19
35 22
35 18
35 18
35 21
35 18
35 18
35 32
35 26
35 18
35 18
35 29
35 25
35 21
35 18
35 20
35 18
35 19
35 18
35 21
35 18
35 20
35 19
35 18
35 18
35 18
35 25
35 21
35 20
35 20
35 24
35 21
35 20
35 18
35 23
35 19
35 18
35 23
35 19
35 21
35 18
35 18
35 22
35 20
35 27
35 19
35 20
35 29
35 18
35 23
35 19
35 22
35 31
35 20
35 18
35 18
35 19
35 21
35 22
35 22
35 22
35 18
35 19
35 18
35 18
35 18
35 18
35 19
35 20
35 23
35 23
35 19
35 20
35 19
35 18
35 26
35 20
35 21
35 18
35 20
35 22
35 20
35 25
35 25
35 19
35 19
35 23
35 18
35 18
35 20
35 24
35 22
35 21
35 23
35 18
35 18
35 18
35 20
35 18
35 29
35 22
35 19
35 19
35 21
35 18
35 18
35 18
35 23
35 18
35 20
35 22
35 19
35 25
35 25
35 24
35 18
35 19
35 19
35 19
35 22
35 20
35 20
35 20
35 18
35 25
35 21
35 20
35 18
35 19
35 19
35 25
35 18
35 18
35 23
35 23
35 18
35 21
35 21
35 19
35 23
35 19
35 18
35 19
35 24
35 20
35 24
35 20
35 26
35 20
35 18
35 19
35 21
35 22
35 20
35 21
35 23
35 21
35 22
35 18
35 19
35 26
35 19
35 19
35 18
35 20
35 19
35 21
35 25
35 28
35 18
35 18
35 19
35 18
35 25
35 28
35 22
35 18
35 27
35 18
35 18
35 20
35 20
35 18
35 21
35 20
35 23
35 21
35 21
35 24
35 23
35 22
35 18
35 19
35 36
35 20
35 19
35 25
35 18
35 18
35 23
35 19
35 18
35 19
35 19
35 18
35 21
35 21
35 21
35 19
35 18
35 18
35 28
35 18
35 22
35 18
35 18
35 21
35 18
35 22
35 21
35 18
35 21
35 20
35 18
35 20
35 18
35 22
35 18
35 18
35 26
35 18
35 21
35 20
35 22
35 21
35 22
35 18
35 18
35 20
35 19
35 18
35 19
35 19
35 18
35 19
35 18
35 22
35 22
35 20
35 18
35 24
35 19
35 19
35 24
35 20
35 18
35 21
35 19
35 19
35 31
35 21
35 22
36 23
36 18
36 18
36 28
36 19
36 18
36 28
36 18
36 23
36 18
36 19
36 21
36 23
36 18
36 18
36 18
36 20
36 18
36 18
37 19
37 21
37 18
37 19
38 18
39 19
40 23
40 18
40 24
40 20
40 19
40 21
40 19
40 22
40 19
40 18
40 18
40 24
40 19
40 18
40 26
40 20
40 23
40 22
40 19
40 18
40 25
40 23
40 18
40 18
40 18
40 24
40 19
40 19
40 23
40 18
40 18
40 18
40 20
40 23
40 18
40 19
40 18
40 20
40 18
40 18
40 20
40 18
40 18
40 24
40 23
40 26
40 20
40 18
40 24
40 19
40 24
40 20
40 19
40 19
40 18
40 21
40 20
40 22
40 20
40 18
40 18
40 18
40 19
40 18
40 26
40 25
40 20
40 21
40 22
40 19
40 18
40 19
40 19
40 20
40 26
40 22
40 21
40 25
40 21
40 21
40 19
40 19
40 22
40 18
40 22
40 19
40 20
40 20
40 21
40 21
40 21
40 18
40 20
40 18
40 19
40 21
40 20
40 20
40 25
40 18
40 22
40 26
40 18
40 18
40 20
40 22
40 18
40 18
40 22
40 18
40 20
40 23
40 22
40 18
40 22
40 18
40 21
40 18
40 18
40 18
40 23
40 20
40 19
40 23
40 23
40 25
40 27
40 19
40 20
40 18
40 18
40 19
40 20
40 24
40 20
40 24
40 19
40 18
40 19
40 25
40 25
40 20
40 22
40 19
40 20
40 18
40 21
40 19
40 21
40 20
40 24
40 18
40 22
40 22
40 18
40 22
40 18
40 19
40 23
40 18
40 19
40 19
40 18
40 21
40 23
40 18
40 21
40 22
40 20
40 23
40 23
40 19
40 22
40 20
40 22
40 22
40 21
40 24
40 18
40 22
40 20
40 18
40 18
40 19
40 18
40 20
40 18
40 25
40 19
40 18
40 23
40 18
40 18
40 22
40 18
40 18
40 20
40 20
40 20
40 20
40 18
40 18
40 31
40 18
40 19
40 21
40 18
40 18
40 20
40 21
40 20
40 27
40 27
40 22
40 24
40 18
40 18
40 26
40 18
40 24
40 27
40 24
40 18
40 20
40 21
40 18
40 21
40 18
40 20
40 19
40 31
40 25
40 20
40 18
40 19
40 20
40 18
40 18
40 18
40 24
40 18
40 20
40 20
40 20
40 18
40 31
40 20
40 22
40 20
40 18
40 20
40 19
40 20
40 22
40 18
40 31
40 21
40 21
40 19
40 19
40 21
40 22
40 24
40 22
40 22
40 19
40 30
40 21
40 19
40 21
40 18
40 22
40 23
40 20
40 18
40 19
40 25
40 20
40 19
40 19
40 23
40 21
40 20
40 38
40 18
40 20
40 21
40 18
40 22
40 21
40 31
40 23
40 19
40 18
40 22
40 22
40 35
40 22
40 18
40 20
40 24
40 23
40 23
40 18
40 18
40 18
40 19
40 18
40 20
40 18
40 25
40 18
40 19
40 21
40 18
40 18
40 22
40 18
40 19
40 23
40 25
40 20
40 19
40 21
40 23
40 20
40 18
40 18
40 19
40 19
40 25
40 24
40 18
40 19
40 21
40 18
40 18
40 22
40 20
40 18
40 22
40 21
40 19
40 23
40 18
40 18
40 18
40 20
40 22
40 18
40 21
40 19
40 24
40 18
40 26
40 18
40 19
40 19
40 22
40 19
40 18
40 18
40 18
40 19
40 19
40 21
40 20
40 22
40 18
40 27
40 19
40 28
40 23
40 19
40 20
40 22
40 20
40 25
40 19
40 18
40 20
40 20
40 20
40 21
40 18
40 25
40 20
40 20
40 18
40 18
40 22
40 18
40 27
40 18
40 18
40 20
40 20
40 31
40 26
40 24
40 21
40 19
40 18
40 19
40 21
40 19
40 22
40 23
40 26
40 18
40 21
40 21
40 18
40 21
40 21
40 21
40 22
41 23
41 18
41 22
42 26
42 18
42 24
42 18
42 18
42 19
42 20
42 21
42 21
42 20
42 18
42 18
42 19
42 21
42 22
42 19
42 24
42 22
42 23
42 19
42 18
42 19
42 19
42 18
42 19
42 18
42 26
42 25
42 31
42 20
42 18
42 21
42 20
42 18
42 21
42 20
42 18
42 28
42 19
42 20
42 32
42 20
42 18
44 19
44 18
44 21
44 24
45 23
45 18
45 19
45 20
45 24
45 18
45 20
45 19
45 18
45 24
45 24
45 18
45 19
45 24
45 19
45 18
45 18
45 18
45 18
45 18
45 21
45 23
45 18
45 19
45 20
45 20
45 18
45 18
45 22
45 20
45 21
45 24
45 18
45 21
45 19
45 18
45 18
45 24
45 19
45 20
45 24
45 22
45 21
45 18
45 18
45 20
45 18
45 20
45 27
45 18
45 24
45 20
45 18
45 19
45 26
45 21
45 20
45 18
45 22
45 24
45 20
45 24
45 20
45 18
45 22
45 19
45 18
45 20
45 24
45 21
45 18
46 18
47 24
47 25
47 24
48 21
48 18
48 20
48 18
48 19
48 21
48 21
48 19
48 19
48 19
48 19
48 19
48 24
48 19
48 21
49 21
49 21
49 23
49 18
49 20
49 24
49 20
49 21
49 18
49 18
49 21
49 20
50 21
50 20
50 20
50 23
50 21
50 31
50 28
50 28
50 20
50 19
50 26
50 20
50 21
50 18
50 18
50 20
50 21
50 22
50 19
50 19
50 24
50 18
50 23
50 18
50 21
50 19
50 18
50 22
50 18
50 27
50 25
50 18
50 18
50 20
50 20
50 22
50 18
50 18
50 18
50 18
50 19
50 18
50 24
50 20
50 18
50 19
50 24
50 18
50 21
50 20
50 23
50 18
50 18
50 19
50 18
50 20
50 18
50 20
50 19
50 20
50 19
50 18
50 19
50 19
50 22
50 23
50 20
50 24
50 28
50 21
50 18
50 23
50 18
50 18
50 31
50 19
50 23
50 22
50 19
50 20
50 23
50 23
50 18
50 23
50 25
50 21
50 18
50 19
50 18
50 20
50 20
50 20
50 18
50 24
50 22
50 20
50 19
50 21
50 18
50 21
50 21
50 18
50 22
50 25
50 19
50 19
50 19
50 18
50 22
50 18
50 18
50 22
50 22
50 21
50 21
50 19
50 22
50 26
50 20
50 23
50 24
50 23
50 18
50 21
50 25
50 20
50 18
50 19
50 18
50 22
50 18
50 20
50 18
50 18
50 18
50 18
50 20
50 18
50 19
50 18
50 20
50 18
50 18
50 19
50 18
50 29
50 20
50 27
50 32
50 19
50 18
50 25
50 24
50 24
50 18
50 29
50 18
50 27
50 20
50 18
50 20
50 25
50 20
50 25
50 22
50 23
50 19
50 23
50 27
50 18
50 22
50 18
50 20
50 19
50 23
50 20
50 25
50 21
50 23
50 23
50 28
50 25
50 21
52 20
52 20
52 21
52 20
53 19
54 23
54 21
54 18
55 18
55 23
55 18
55 27
55 18
55 24
55 19
55 19
55 22
55 18
55 20
55 26
56 20
56 22
56 18
56 19
56 23
56 23
56 18
56 18
56 18
56 18
56 18
56 25
56 22
56 18
56 21
56 18
56 20
57 18
60 23
60 20
60 21
60 18
60 18
60 19
60 19
60 30
60 25
60 18
60 18
60 18
60 19
60 20
60 21
60 18
60 19
60 24
60 18
60 19
60 20
60 18
60 21
60 21
60 25
60 20
60 20
60 18
60 20
60 20
60 22
60 34
60 19
60 19
60 20
60 24
60 18
60 33
60 24
60 20
60 19
60 20
60 21
60 20
60 19
60 25
60 22
60 18
60 20
60 18
60 19
60 19
60 20
60 18
60 19
60 18
60 24
60 20
60 20
60 25
60 18
60 24
60 24
60 21
60 19
60 19
60 21
60 19
60 20
60 31
60 19
60 19
60 18
60 25
60 21
60 18
60 26
60 18
60 19
60 25
60 29
60 18
60 19
60 29
60 18
60 22
60 24
60 24
60 18
60 26
60 18
60 20
60 23
63 23
63 23
63 18
63 18
64 20
65 20
65 18
65 27
65 20
65 23
65 26
67 23
68 22
70 18
70 19
70 20
70 21
70 50
70 18
70 21
70 19
70 20
70 21
70 21
70 22
70 19
70 19
70 18
70 18
70 25
70 18
70 18
70 20
70 26
70 25
70 22
70 19
70 27
70 18
70 18
70 18
70 23
70 20
70 22
70 19
70 18
70 29
70 18
70 18
70 21
70 18
70 18
70 23
70 18
70 26
72 23
72 18
72 25
72 25
72 22
75 22
75 19
75 18
75 29
78 19
80 18
80 25
80 27
80 19
80 18
80 25
80 18
80 21
80 19
80 24
80 22
80 19
80 18
80 19
80 18
80 18
80 18
80 22
80 19
80 18
84 18
84 22
84 18
84 25
84 18
87 28
90 19
90 22
90 19
90 21
90 19
92 18
96 18
100 25
100 21
100 18
100 27
100 18
100 21
100 18
105 21
105 19
120 19
